1
106 91 5302619020323
227596997121505 -70807974740609
-47698996198114 -178031567025799
260823127057774 -73505647953689
-256398765224226 -138363141860894
271927751666538 257194530752729
154265827318291 -141121592333873
44380288504533 -20060702990363
-73281226226895 155105038063702
195542190921165 65926973256700
-147209928626648 279193818851895
275118964770869 -144937809878314
-183179500706021 -263109727178395
-266060494802701 -165975814452596
-33398142987946 -206706009997359
-153786469761732 -171103766328744
173539419001726 146759136925234
178316037046931 254573258008033
142247987917983 -199411788914530
269514929456666 235205404202695
-100198810704409 239398355193797
198224219785711 -199662648270737
-148822674810908 -169606207475484
-232717876292458 -128525984136291
174475130971073 246652910066402
-235935954307120 262484234178443
174569671894597 -265554124550223
-197718824118941 -244567403974908
-254974776546056 165803406634382
274534196991801 -265918472480468
219841358087336 -212205536342697
-278205586791199 -124668201159846
-189346099090097 188307128473504
-247557293290999 -262599821312645
-207614992451195 151304566477578
-177918890514277 162160631530136
-152712052886468 -43616388245900
219569958079075 266289621710615
220543924893098 262201759130945
-258600180831843 270848621961268
138087195670644 254545649759136
272392036796088 -209492526411480
199415386555730 43101806142418
174168387727948 241121530542906
-156772127863827 -187524672947919
-279536881897148 -232825839173725
239606151953902 -278742546964012
-4795658940069 -34418388565476
208555469072404 -240830001532371
215036395253538 -239214400431310
139008760991360 195817474462272
194839552952551 69950821923273
148738822188158 142791386842406
197290110498564 173015552132988
-133095205295828 -273752377759120
150280608604587 155606725150829
-248436571372554 -269680766787535
-125678413774444 -176084130432659
169722429577346 -248636551161236
82308446526242 -268285162925073
266083391104795 -271319053447331
265811518024502 -125922985163980
164609132426918 -107342989231563
-251221210461318 211110320499110
66185270822245 269211252240961
200192339459667 192598507024116
186297194931745 -155971880926684
-103128941655336 98065344427680
-264432037660742 244049140846814
-221174407562264 -151018428545569
-224373017601759 265942544717569
195863908446290 -252781614324684
257264682607133 219765987670345
-130477122819505 271061986105350
182150498651961 -153440421662449
174212791504033 -224313773317931
247893698495134 -230956162620816
-257130849555661 184667557927357
-226880577225492 115938767745815
122970270733938 -181633030754296
273371108342402 -130608985859621
-224853904580034 -275700024627045
185812309353384 -95156844119444
222058967872160 68868981167701
104570895179178 -161535450173217
-115104144072917 -195914669809168
219974520934108 -279269925858881
226222231912967 -280332886023321
113399065398431 157031949645311
-15638595109411 -92865608966531
81922012399752 -244870768762063
-275355259003494 148705928129626
-273155503768338 -181621352216826
199910379777143 189011712173071
-101495073835642 189391445678388
-220661825990029 -63761658374478
-188911037240304 87955575028085
216983576754984 256428847188124
121827700634465 255797069345348
-126494406966948 205067512597635
150984907475839 -140916055628279
-238461972499515 67149984654728
-152486554281675 -131292681858659
-234182902647942 68311868281204
250271625082175 -226965728371143
-168470102556763 242316335861984
-186967228222019 -277315323360394
65201068827691 -95632073974468 68982595528745
157963282684680 -154769783139306 1767463872542
233224617120292 245173808099224 14457120275534
-99675896268241 145564216243287 22763479525796
-142566272296769 -160520375862506 5728922509233
118609256179387 237809133965245 3834177518250
166545202958884 -272004278237947 4992845238053
195784022814707 247771938170693 4070060403313
-200248215401020 266146655163481 18823046613995
-183229548180121 252223625192633 12473646532095
-87378269332663 -120003874916064 60777074768230
-269543493802405 -141783721123779 1488629979081
-120221882074979 208872856575500 2033947704668
-201436226223095 64673608083144 21134671761449
-183301317926611 -127699549303777 25720924620761
-166711287077184 62150810372026 28737280895211
120029374464177 -257410451450766 33954581009077
190259471283934 108387829181798 14051842190746
121441672524299 94491958817388 50176828771765
185515523921581 -272193123454990 7499255180517
-128876139372042 90082709988967 21653653771836
131094940199233 186493316694124 812290578665
248829547030802 -198776810794045 20582076943373
-195801329409596 -255406962368252 201307126598
-217469977390128 -211910613778680 29856145729284
255891912676074 179052884652623 15065501012066
-101696916805737 -208792465895815 3992425022647
-226212250737184 -196563353931250 17608732381560
194666217244962 100255989293466 25003044057771
-171716145179364 -112841676774201 21347273188074
-209094681722286 272764786489764 11429700903832
253254810497554 -251847131462246 5481328552760
109730847434586 -270743264049589 8463556308324
210203970360180 223569057127580 26301670075484
-72830904482682 -257644963702953 57077143243365
-10135246213418 -191520727878400 8587621792696
-113170340441347 172594684819242 15153260957660
-220123410896850 -89214825620377 20156242180844
194781523487104 190358041119067 1
227614430033783 138750837902030 40453637345373
115329107704397 201471414316096 6870024649618
-208792210427334 53630759308239 24026926017365
-256300101652100 -137151566326789 1
-157047936595997 -239672838627778 12248352375659
-158816074712048 269758895360694 9654667105190
238568581924685 -264564032318961 8913809121284
-277709198494713 258620968764572 14410857808382
-131134149689190 -230782376902631 13885385552933
-255501961058913 187235595875510 1
140527484265776 -225074608183282 7557595068465
-55588877409954 150413994570829 3849226363428
249834056924964 236790252965313 13272628134479
-62700659220409 -8153172923436 58280795563899
-257132260499089 196709174994091 6738998129073
79800612067288 -181214857628775 26333531239231
-152312046626511 -203023331748577 10825020275702
160359537293026 -156303602974973 11056682565095
91894055575469 -218883103923361 22532617081911
198613621664008 -223754718918041 11903678186068
-116729024575332 161998542278421 10369365632387
-272138038386954 165405914436894 11704439842351
240898933789988 232542360494737 15459689061722
132005690417494 -178824122448660 4159345613276
254591170644400 -218763193847638 3967766434092
-260522833592802 130261131678152 6531773229598
-52375677207884 -172948881745584 1604264135259
-186404003592089 267928618242728 25964197496487
257684916640083 172978358905750 18092138950513
-233256611529846 -226850691542012 13949067777145
237769217170908 198634381730130 9072863077571
201141246714619 165347143278337 3278508208469
179347252770404 -193399750379636 4641773541459
-74456474998079 253985663352105 24285510473156
-145503422437853 -190219125749963 490562270639
-267317703600996 85988339424925 29158037210353
127465972845064 266834291527045 7091346729548
126065305916570 262145084357107 2329850640046
184269358945502 259179510593263 2224638415619
-143667400985523 203560143072128 3316892080204
-220362176809174 -264197894131203 7045442540542
141774820564651 -233693250292077 26389195228671
177423568852212 100501307185744 29863396562278
202295092185936 130089137037419 27935576426134
274838147434608 -199106903268188 5367180665256
-245412436747577 -246346957352209 2894270580438
116423723430743 229382127159161 8178405980747
-162054336791662 170969181721008 12843306728529
80060787431725 140850178390366 13226348157671
-145487218547072 275026213217934 1
194991631542471 -117851562627207 19178193956326
-206051589077824 -273132024315551 13674253584100
